0.0 0.0 15.0 9.0 0.0 0.0 1.0 3.5714285714285716 
0.0 0.0 0.0 0.0 0.0 0.0 1.0 0.14285714285714285 
0.0 0.0 0.0 0.0 0.0 0.0 0.0 0.0 
0.0 0.0 0.0 0.0 0.0 0.0 0.0 0.0 
0.0 0.0 0.0 0.0 0.0 0.0 0.0 0.0 
0.0 0.0 0.0 2.0 0.0 0.0 0.0 0.2857142857142857 
0.0 0.0 0.0 0.0 0.0 0.0 0.0 0.0 
0.0 0.0 0.0 0.0 0.0 0.0 0.0 0.0 
0.0 0.0 0.0 1.0 0.0 0.0 0.0 0.14285714285714285 
0.0 0.0 0.0 3.0 0.0 0.0 0.0 0.42857142857142855 
0.0 0.0 0.0 0.0 5.0 0.0 0.0 0.7142857142857143 
0.0 0.0 0.0 3.0 2.0 0.0 0.0 0.7142857142857143 
0.0 0.0 0.0 6.0 2.0 0.0 0.0 1.1428571428571428 
0.0 0.0 1.0 0.0 0.0 0.0 3.0 0.5714285714285714 
0.0 0.0 8.0 1.0 5.0 0.0 9.0 3.2857142857142856 
0.0 0.0 25.0 0.0 21.0 0.0 37.0 11.857142857142858 
0.0 0.0 41.0 0.0 28.0 0.0 2.0 10.142857142857142 
0.0 0.0 96.0 13.0 67.0 0.0 56.0 33.142857142857146 
0.0 0.0 63.0 0.0 51.0 2.0 29.0 20.714285714285715 
0.0 11.0 97.0 0.0 4.0 23.0 13.0 21.142857142857142 
0.0 100.0 44.0 0.0 7.0 3.0 44.0 28.285714285714285 
0.0 132.0 79.0 1.0 4.0 0.0 0.0 30.857142857142858 
0.0 52.0 125.0 0.0 1.0 1.0 0.0 25.571428571428573 
0.0 37.0 141.0 0.0 4.0 0.0 0.0 26.0 
0.0 0.0 15.0 9.0 0.0 0.0 1.0 3.5714285714285716 
